1.1172
0.914667
0.898036
0.971425
0.9548
0.9604
0.945858
0.935356
0.977132
0.961678
0.948871
0.9604
0.947548
0.9506
0.949082
0.944153
0.947333
0.950144
0.942738
0.934471
0.950115
0.943389
0.935326
0.965976
0.941448
0.951533
0.93706
0.943826
0.942607
0.942142
0.938723
0.956882
0.946887
0.943161
0.955242
0.951045
0.945673
0.936901
0.952498
0.9592
0.940507
0.946889
0.942008
0.949148
0.950378
0.948605
0.935285
0.946697
0.946818
0.944704
0.942518
0.939116
0.949136
0.950379
0.950058
0.945487
0.942404
0.943884
0.932852
0.951858
0.950763
0.950792
0.944518
0.949732
0.935732
0.945069
0.946603
0.948267
0.940283
0.945785
0.952247
0.940304
0.941397
0.942353
0.938792
0.9506
0.947693
0.949077
0.944058
0.93491
0.952237
0.945579
0.948764
0.939292
0.94904
0.948622
0.949622
0.947723
0.949111
0.939833
0.944755
0.945313
0.947135
0.94387
0.950496
0.951094
0.934565
0.94697
0.950341
0.940721
0.947529
0.945681
0.940301
0.953639
0.946819
0.949706
0.937146
0.936558
0.95022
0.947513
0.947808
0.940941
0.937586
0.948592
0.946018
0.943114
0.943296
0.945583
0.946405
0.945207
0.945203
0.942352
0.941506
0.938541
0.942978
0.939454
0.944434
0.9408
0.946243
0.94165
0.952181
0.94812
0.941571
0.94492
0.943254
0.944076
0.942181
0.941771
0.943069
0.9408
0.948126
0.946103
0.939918
0.94852
0.94485
0.949952
0.948334
0.946366
0.949793
0.942849
0.943436
0.940463
0.944972
0.943589
0.941003
0.943957
0.940047
0.948406
0.948977
0.94799
0.946771
0.949117
0.949645
0.951681
0.949514
0.942129
0.944904
0.950694
0.950751
0.941796
0.939556
0.947303
0.943714
0.944942
0.939517
0.94843
0.94011
0.950489
0.945156
0.946903
0.943454
0.94597
0.942736
0.944545
0.939949
0.94497
0.947579
0.947962
0.947944
0.943411
0.950239
0.941784
0.942432
0.940313
0.947138
0.94325
0.94124
0.946187
0.946061
0.949951
