Тестирование на реверсированном массиве (микросекунды):
42
24
27
32
57
43
56
50
51
53
57
59
72
80
89
82
87
94
92
111
99
107
127
154
112
122
120
121
143
161
174
189
166
167
181
174
222
199
201
198
196
210
203
209
246
242
223
222
229
232
256
240
244
245
296
268
267
260
261
264
274
309
349
354
332
372
348
382
355
401
364
432
385
403
401
386
417
438
443
409
449
406
446
423
456
461
468
462
467
490
453
459
505
483
512
527
535
547
564
562
572
563
567
549
617
579
554
568
644
555
589
580
609
583
631
622
599
633
610
661
662
657
627
658
655
624
698
738
754
803
794
801
830
780
786
785
844
886
816
861
832
847
871
889
909
911
888
867
848
871
931
991
926
878
911
931
888
897
909
968
948
966
960
950
974
945
974
973
1016
1025
1060
1072
1091
978
966
960
959
974
989
930
950
935
991
951
986
952
1054
1017
1031
1108
1155
1007
1084
1070
1020
1030
1064
1040
1034
1027
1113
1045
1154
1070
1042
1137
1129
1090
1165
1146
1197
1090
1226
1167
1123
1181
1115
1178
1189
1214
1184
1151
1166
1209
1216
1193
1190
1300
1168
1170
1187
1288
1244
1274
1284
1242
1216
1254
1244
1344
1376
1325
1282
1240
1452
1380
1457
1359
1296
1278
1399
1295
1247
1324
1491
1411
1405
1450
1467
1559
1458
1625
1640
1652
1716
1663
1838
1732
1819
1696
1643
1641
1701
1615
1575
1679
1751
1637
1964
1676
1777
1703
1738
1791
1765
1658
1708
1818
1815
1789
1723
1776
1751
1675
1741
1802
1777
2024
1833
2100
1750
1812
1902
1863
1922
1838
1810
1861
1817
1761
1902
2096
1958
1917
1856
1861
1886
2020
1944
1883
1984
1913
2051
2203
2120
2001
2092
2151
2148
2126
1979
1992
2176
2096
2054
2162
2098
2037
2133
2099
2137
2072
2021
2086
2131
2277
2249
2249
2160
2131
2096
2033
2037
2115
2270
2259
2253
2214
2166
2175
2067
2076
2273
2218
2222
2233
2117
2149
2159
2592
2481
2480
2481
2236
2297
2272
2165
2188
2233
2541
2420
2241
2212
2192
2249
2490
2977
2433
2415
2275
2304
2294
2469
2584
2298
2291
2512
2281
2252
2284
2319
2417
2575
2734
2448
2371
2353
2378
2571
2562
2532
2574
2590
2488
2562
2515
2368
2465
2594
2472
2645
2517
2597
2471
2500
2536
2483
2567
2696
2532
2397
2581
2477
2587
2995
2698
2569
2574
2541
2758
2800
2776
2529
2590
2519
2553
2512
2983
2762
2646
2694
2771
2635
2744
2778
2785
2760
2681
2614
2723
2893
2900
2812
2700
2757
2839
2767
2778
3200
2802
2980
2964
2741
2982
2934
2757
2852
2964
2851
2709
2879
2862
2899
3021
2871
2840
2780
2926
2912
2968
2880
3023
2863
3161
3443
3172
6167
2974
2916
5949
5219
2950
3137
3582
6902
2968
3370
3246
3296
3245
3348
3366
3348
3352
3247
3316
3253
3295
3353
3470
3436
3614
3586
3587
3616
3649
3761
3856
3794
3759
3963
3620
3642
3510
3586
3580
3657
3742
3529
3457
3464
3827
3562
3522
3627
3446
3633
3878
3682
3545
3532
3517
3715
3967
3545
3601
3685
3953
3717
3568
3624
3622
4394
3675
3829
3704
3702
3987
3800
3792
3834
3513
3877
3820
3870
3714
3625
3826
4143
3704
3793
3803
3796
3715
4202
3832
3840
3887
3705
3920
3921
3839
3893
3847
3908
3999
4357
3874
3803
4064
4071
4114
3837
3984
4153
4036
3857
3779
4088
4414
4161
3814
3979
4245
4255
4079
3987
4026
4250
3975
3954
3907
4873
4032
4216
3993
4739
3946
4343
4255
4031
4276
4299
4220
4154
4219
4313
4560
4124
3976
4310
4322
4395
4125
4599
4406
4562
4258
4179
7074
4393
4301
4472
4400
4257
4205
4496
4422
4283
4295
4385
4631
4294
4245
4677
4493
4529
4446
4355
4345
4631
4426
4399
4287
4390
4581
4606
4333
4393
4905
4486
4590
4266
4587
4545
4460
4521
4452
4469
4317
4386
4505
4554
4793
4649
4485
4503
4603
4628
4363
4394
4624
4836
4385
4534
4610
5081
4519
4557
4825
4696
4783
4517
4675
4714
4658
4550
4974
4975
4618
4784
4763
4653
4806
4826
4827
4722
4494
4808
4792
4775
4602
4797
4785
4846
4728
5151
4514
4786
4680
5025
4779
4819
4787
4870
4634
4652
5015
4870
5161
4976
4560
5106
4854
4674
4939
5011
4761
4750
4754
5035
4750
4757
4886
5099
4831
4739
5184
4983
4812
4697
5220
4952
4876
4860
5143
5046
5056
4981
5114
5147
4825
4853
5248
5158
5023
4884
5250
4942
4860
5113
5253
5092
4848
4884
5271
4976
5148
4974
5334
4963
5081
5133
5268
5141
4978
5579
5224
5222
5005
5352
5185
4990
5198
6401
5061
5041
5780
5653
5197
5208
5580
5451
5089
5356
5876
5552
5244
5489
5291
5514
5362
5490
5632
5325
5469
5748
5301
5193
5677
5426
5179
5628
5406
5446
5284
5666
5746
5225
5630
5490
5461
5425
5559
5506
5329
5897
5487
5737
5529
5644
5574
5585
5577
5870
5404
5649
5691
5469
5518
5921
5621
5461
5693
5549
5647
5432
5952
5576
5620
5853
5546
5631
5588
5635
5818
5483
5401
5982
5905
5622
5880
5917
5493
5902
5673
5684
5770
5805
5806
5691
5813
5976
5557
6029
5909
5772
5994
5983
5674
5790
5786
6081
5586
6131
5898
5705
5870
5864
5774
5776
5871
5816
5885
5889
6379
5984
5916
6011
5908
5868
6518
6551
6280
6066
6165
5974
5881
5927
5885
5910
5973
5898
6047
5922
6013
6099
5993
6060
6381
5870
5981
6044
5986
6040
6334
6392
6346
6176
6349
6127
5870
5948
6160
6100
5853
6324
6035
5995
6079
6065
6061
6399
6173
6215
6482
6009
6234
6207
6072
6151
6101
6272
6245
6250
6356
6101
5919
6825
6223
5981
6170
6331
6032
6328
6148
