Тестирование на перемешанном массиве (микросекунды):
52
26
28
30
38
43
47
46
54
56
56
58
81
90
88
83
90
91
94
123
100
111
111
114
122
141
136
122
155
156
202
176
182
167
172
185
194
195
186
192
216
203
201
217
209
225
245
225
239
255
256
241
243
255
246
265
269
281
266
262
287
325
357
340
360
370
359
354
393
361
365
389
381
378
401
409
389
410
425
442
412
444
440
426
428
458
454
448
484
448
471
457
479
501
494
484
474
515
528
489
557
509
520
524
534
550
518
521
552
538
532
535
580
579
539
568
561
567
637
579
573
579
606
589
584
616
663
639
701
693
778
738
732
766
717
765
735
754
800
836
824
785
776
844
881
792
850
872
862
858
804
815
885
829
819
869
873
866
929
966
928
907
952
887
899
867
897
882
961
925
930
921
939
962
945
987
1214
1085
991
976
1011
1088
1060
998
1035
1015
1008
1031
1068
1039
1091
1043
1094
1056
1099
1236
1169
1137
1090
1206
1131
1118
1150
1074
1143
1138
1180
1116
1127
1125
1583
1185
1315
1116
1317
1183
1175
1270
1149
1188
1165
1249
1231
1191
1205
1318
1218
1247
1503
1248
1299
1355
1328
1258
1258
1237
1286
1311
1286
1346
1412
1337
1377
1334
1295
1309
1381
1357
1349
1365
1242
1499
1416
1355
1361
1422
1344
1383
1540
1480
1619
1608
1660
1700
1826
1617
1587
1632
1593
1594
1714
1697
1731
1625
1636
1691
1578
1666
1636
1640
1748
1718
1808
1713
1729
1714
1696
1698
1679
1805
1831
1770
1777
1797
1793
1854
1770
1820
1754
1822
1802
1925
1849
1850
1931
1738
1879
1813
1814
1881
1950
1845
1820
1902
1791
1936
1860
1917
1998
1914
1879
1966
1898
2030
2065
2080
1980
2093
1913
1986
1931
1976
2022
2029
2011
2103
2147
2103
2035
1950
2024
2032
2091
2430
2151
2056
2395
2118
2089
2002
2043
2116
2249
2462
2095
2174
2341
2187
2101
2172
2108
2156
2149
2156
2150
2186
2199
2247
2178
2115
2189
2258
2350
2174
2317
2303
2223
2239
2181
2299
2195
2152
2505
2295
2353
2139
2280
2386
2356
2298
2274
2324
2365
2301
2351
2429
2321
2330
2265
2354
2285
2415
2350
2402
2524
2323
2471
2434
2331
2355
2349
2435
2424
2687
2397
2400
2510
2439
2483
2481
2601
2536
2461
2638
2535
2509
2556
2443
2475
2504
2567
2646
2661
2486
2530
2511
2433
2466
2696
2604
2576
2502
2521
2538
2538
2846
2652
2665
2577
2508
2544
2676
2591
3615
4098
2617
2625
2679
2803
2734
2648
2742
2660
2726
2662
2668
2729
2785
2896
2767
2734
2808
2846
2841
2795
2806
2794
2705
2823
2674
2820
2807
3002
2756
2812
3016
2780
2758
2994
2901
2794
2821
2845
3506
3042
2968
3000
2838
2840
2963
3044
2904
2859
2910
2867
3105
2895
2880
2886
2926
2903
3281
2848
2881
2896
2871
3094
3270
2909
3018
3141
3128
3236
3467
3382
3352
3335
3410
3484
3411
3457
3423
3510
3424
3590
3374
3522
3483
3480
3579
3566
3430
3575
3404
3519
3497
3606
3727
3518
3607
3643
3689
3501
3625
3536
3741
3580
3622
3565
3530
3744
3821
3556
3695
3547
3854
3740
3776
3585
3821
3922
3943
3751
3752
3740
3682
4027
3941
3684
3871
3741
3823
3752
3922
3785
3871
3753
3942
4080
3906
3880
3900
3989
3811
4174
3900
4156
3910
3929
4066
4071
4073
3894
4077
3859
4448
3991
3879
4177
4330
3769
4040
3764
4128
4152
4005
3964
3914
4394
3928
3986
4012
4025
4330
4034
4060
4079
4083
4071
4300
4091
3961
4352
3980
4346
4103
4012
4151
4124
4206
4168
4253
4405
4206
4091
4159
5554
4272
4108
4073
4270
4923
4383
4077
4269
4362
4362
4405
4321
4130
4234
4296
4334
4252
4321
4296
4503
4331
4662
4609
4653
4214
4224
4293
4627
4230
4361
4466
4907
4459
4274
4662
4542
4518
4435
5448
4485
4461
4633
4636
5759
4622
4437
4401
4943
4508
4802
4318
4853
4559
4526
4378
4789
4692
4707
4396
4584
4873
4596
4453
4652
4575
4688
4416
5011
4620
4885
4427
5045
4651
4681
4626
4870
4770
4858
4642
5271
4736
4987
4693
4791
4703
4739
4395
4805
4656
4856
4607
4744
4788
4712
4497
5013
4920
4777
4505
5043
4993
4954
4733
5030
4662
4686
4908
4932
4865
4778
5171
4894
4719
4782
5045
5008
4765
5018
5438
5072
4864
4840
5584
4793
4973
4822
5041
5010
4779
4852
5030
5110
4862
4827
6160
4911
4885
5170
5221
4846
4754
5339
5040
4944
5242
4898
4794
5295
4714
5201
5238
5473
5260
5156
5466
5011
5304
6218
5233
5004
5307
5127
5002
5020
5444
5194
5139
5361
5100
5290
5042
5055
5357
5390
5330
5380
5192
5357
5018
5228
5513
5265
5247
5371
5542
5244
5791
5825
5247
5631
5688
5883
5671
5383
5435
5624
6035
5544
5429
5410
5475
5796
5501
5510
5712
5417
5920
5413
5602
5632
5654
5439
5616
5929
5672
5289
5764
6127
5350
5517
5861
5374
5611
5823
5566
5403
5890
5465
5475
5699
5450
5491
5652
5930
5768
5580
6092
5484
5648
5558
5830
5549
5424
5887
5947
5480
5566
6073
5563
5570
6249
5618
5712
6180
5918
5484
6146
5780
5827
5733
5684
5789
6374
5817
5977
6600
5879
5548
6435
5726
5736
6290
5803
5781
5930
5762
6064
6169
5863
5903
5694
5829
5997
5866
5765
5815
6237
5725
5961
6750
5856
6021
6303
6189
5676
6013
6015
5991
5768
5951
6048
6260
6377
5745
6102
6699
5699
6003
6161
5826
6009
6307
6214
5930
6098
5971
5972
6462
6023
5969
6369
6280
6124
6277
6783
6270
6455
6416
5995
6374
6814
6069
6580
6312
6176
6463
6432
6454
6681
6472
6570
6188
6331
6754
6182
6478
6514
6231
6751
