Тестирование на почти отсортированном массиве (микросекунды):
21
19
19
22
35
35
39
39
44
44
47
52
73
69
74
79
86
82
92
97
92
101
105
104
111
113
126
120
142
146
173
165
172
161
177
167
175
187
187
188
208
225
212
211
212
226
271
255
270
263
291
291
284
268
263
304
265
286
286
299
291
344
356
378
377
395
400
380
382
385
415
425
441
408
421
444
435
453
470
464
441
445
449
502
470
454
489
499
488
478
496
547
489
496
492
498
501
513
543
560
563
551
528
606
556
552
655
574
567
662
594
566
587
642
569
562
597
561
544
552
610
568
595
611
607
592
639
777
828
770
830
834
785
820
789
846
842
854
904
929
863
903
877
872
883
948
878
934
892
881
876
879
994
960
930
1135
877
912
885
930
905
926
936
962
943
940
1055
1022
1035
1066
1094
1078
988
1001
979
968
974
1088
1087
1122
1100
1039
1082
1106
1078
1104
1078
1278
1082
1247
1057
1010
1086
1105
1081
992
1049
1038
1038
1014
1187
1189
1172
1196
1307
1192
1289
1311
1313
1319
1329
1247
1284
1253
1356
1216
1139
1142
1191
1155
1143
1151
1154
1365
1361
1313
1221
1188
1369
1275
1234
1280
1184
1282
1272
1183
1219
1185
1375
1407
1346
1560
1878
1569
1544
1442
1438
1474
1480
1500
1536
1624
1606
1635
1468
1468
1479
1464
1482
1482
1462
1510
1530
1741
1905
1572
1596
1673
1843
1850
1837
1699
1870
2055
1631
1773
1788
1773
2069
1983
1778
1743
1899
2215
2367
2021
2085
1829
1826
1811
1795
2156
2287
2151
2160
1983
1946
2036
1906
1812
1772
1810
2047
2088
1996
1826
1865
1867
1951
1867
1847
1857
1801
2316
2148
2132
2269
2354
2409
2293
2287
2278
2242
2259
2478
2221
2009
2303
2163
2026
2047
2308
2258
2414
2495
2378
2571
2434
2290
2209
2179
2040
2045
2120
2189
2499
2642
2558
2325
2259
2400
2166
2250
2145
2963
2569
2631
2577
2545
2591
2954
2578
2346
2168
2591
2527
2681
2940
2544
2793
2545
2435
2672
3217
3090
2482
2588
2478
2295
2284
2451
3143
3066
2831
2677
2313
2353
2765
3766
2955
2511
2437
2342
2300
2268
2453
2678
2432
2243
2366
2890
2339
2420
2363
2451
2939
2582
2285
2921
2968
2846
2784
3059
2684
2662
2424
2569
3942
3382
3089
2746
2506
2381
3103
3100
3026
3027
2907
2759
2931
3448
2725
2753
2672
2647
3205
3193
3335
2921
2518
2647
2749
2573
2470
2574
2706
2745
2714
2654
2559
2490
2746
2814
2496
3218
3192
2684
2613
2692
2817
2855
2689
2749
2584
2561
2945
2726
2895
2710
2675
2679
2793
2896
2824
3222
3348
2780
2779
3080
3005
2986
2857
2714
2783
3039
3431
3180
2834
3214
2958
3649
3415
3308
3363
3351
3495
3404
3316
3444
3202
3169
2890
3170
4206
3678
3947
2922
2862
2872
3116
2950
3467
3358
3409
3565
3670
3492
3380
3408
3542
4128
3529
3730
3944
4014
4126
3915
3989
4039
4306
3967
4215
4004
4231
3760
4573
3933
3472
3423
3769
3572
3526
3497
3996
4297
4221
4245
4108
4274
4365
4320
4069
3724
3542
3712
3955
3798
3623
3505
4065
3722
3726
3807
4282
4145
3873
3869
3793
3881
3589
3811
3698
3682
3821
3928
4144
3737
4057
3732
4045
4344
4854
3905
3739
4638
5041
3789
3688
4128
4589
3984
3736
4690
4944
4317
4281
3723
3895
5041
4084
3942
3878
4132
3968
4004
3996
4521
4687
4607
4362
4539
4771
4341
4407
3853
4002
4232
4446
4036
4475
4782
4304
4062
3881
4274
4135
4135
3988
4439
4302
4165
4171
4126
4866
4552
4010
4133
4255
4995
4772
5002
4783
4902
5037
4905
4993
4887
4742
4908
4855
4870
5102
4938
4983
4981
5255
4142
4144
4599
4560
4188
4213
4800
4899
4438
4390
4637
4386
4382
4147
4764
4542
4334
4801
6036
5351
4869
5092
5147
5270
5382
4456
4474
4409
5005
4515
4938
5012
4634
4756
4976
5238
4788
4327
5474
4404
4845
4971
6060
5012
5105
4371
5546
4752
4883
5090
4540
4813
4754
5001
4681
5220
5269
5425
4956
4620
4700
5525
4695
5378
5129
5346
5811
4716
4609
5690
5158
4872
4574
5499
5663
5036
5901
5253
4695
5579
5114
5261
5022
5508
5308
4723
4799
6417
4907
4874
5523
5040
5588
4709
5676
5004
4874
5282
5494
5818
5446
5542
5687
5887
5095
5773
5680
5135
5548
5212
5049
4936
5263
5935
5361
4707
4971
4873
5496
4980
5187
5021
5105
5377
5622
5080
5050
5600
5112
5057
5555
5502
5232
5678
6008
6067
5905
6139
6339
5932
7531
6237
5182
5732
5589
6212
6293
6382
6278
4940
5448
6109
6291
6244
6164
6335
6193
6359
5661
5387
5262
6370
6328
5615
7058
7054
5886
6221
6219
5335
6097
6639
6461
6301
6202
6362
6529
6207
6043
6396
6335
5750
6382
6371
5429
5247
5658
5510
5355
5661
6171
5755
6220
6070
5494
5274
5560
5463
5310
5820
5450
5440
6282
6518
6635
6453
6274
6023
6385
6440
6744
6526
6336
6290
6593
6824
6590
6451
7309
6089
6174
6621
6337
6598
7185
6350
6565
6567
5628
6422
6877
6223
6798
6619
6744
6356
6366
6628
6693
6950
6227
6719
6604
6173
6764
5715
5759
6093
5802
5702
6797
6725
5835
5951
6255
6052
6181
7674
6060
5814
6051
6445
6053
6569
7167
5803
6169
6352
5786
6595
6349
5699
6491
6461
6205
6070
6170
6365
6785
6562
6767
6329
6294
6700
7447
6251
6282
6817
6793
6526
7044
6247
7260
6461
6299
6692
6662
6682
6496
6056
6442
6697
6662
6856
6250
6247
7535
6353
6121
6625
6584
6728
6657
6191
6687
7528
6384
6091
7563
6603
6172
6685
6381
6754
6897
6356
6854
7658
6198
6033
7018
6537
6422
6984
6865
6733
6734
6410
6991
6618
