Тестирование на почти отсортированном массиве (микросекунды):
83
111
110
155
142
168
196
193
219
231
246
258
269
311
338
387
356
362
365
416
413
411
435
488
516
497
562
511
559
592
661
631
631
625
744
742
694
683
721
770
799
801
853
797
860
911
891
855
864
928
1056
958
985
1006
1026
1042
1063
1088
1130
1087
1083
1178
1137
1224
1246
1269
1231
1346
1343
1278
1303
1389
1415
1375
1411
1351
1416
1407
1457
1562
1520
1518
1527
1577
1690
1793
1844
1679
1633
1772
1739
1871
1811
1863
1840
1687
1756
1748
1840
1800
1874
1893
1961
2045
2241
2101
2002
2330
2199
2096
2123
2432
2182
2174
2392
2475
2282
2170
2273
2304
2446
2320
2618
2500
2251
2435
2469
2281
2445
2648
2654
2471
2394
2646
2672
2585
2749
2656
2567
2506
2789
2595
2942
3033
2635
2665
2680
2884
2953
2996
2797
2828
2822
2755
3020
2958
2784
2998
2922
2990
3073
3240
3274
2964
3245
3260
3340
3193
3057
3319
3294
3506
3349
3441
3468
3307
3329
3603
3450
3584
3455
3617
3780
3530
3444
3458
3370
3675
3726
3618
3691
3627
3819
3646
3694
3905
3704
3740
3827
3904
3669
3848
3688
3727
3996
3664
3729
3854
4251
3896
3969
3795
4190
4082
4110
4002
3849
4117
3945
4099
3941
4500
4123
4184
3933
5058
4267
4276
4094
4395
4339
4386
4132
4373
4110
4408
4146
4354
4335
4472
4327
4602
4397
4433
4675
4647
4488
4486
4770
4781
4471
4559
4967
5389
4930
5136
4947
5145
4708
5027
5122
5149
5186
5238
5047
5234
5099
5202
5080
5202
4843
5132
5185
5121
5181
5257
5135
5162
5028
5118
5253
5206
5341
5480
5466
5381
5650
5638
5840
6177
5527
5704
5528
5590
5426
5486
5633
5649
5577
5598
5703
5636
5724
6068
5808
5660
6150
6008
5736
5836
5752
5745
5913
6021
5775
5989
6077
5789
5878
6115
5926
5991
6008
6156
6325
6079
6403
6104
6110
6074
5916
6320
6693
6465
6364
6586
6321
6732
6360
6822
6712
6362
6877
6607
6628
6738
6750
7031
6784
6553
7123
6770
6892
6891
6690
6654
7078
6915
7065
6789
6979
7010
6710
7200
6839
6854
6887
7268
6927
7160
7346
7002
7144
7139
7298
7198
7192
7048
7501
7312
7059
7342
7408
7141
7256
7342
7804
7521
7273
7273
7651
7282
7514
7284
7531
7472
7512
7498
7429
7306
7828
7573
7690
7556
7595
7515
7926
7682
7747
7751
7802
7874
7773
8280
7843
8082
7762
8167
7978
7899
8144
8071
8159
7740
8086
7823
8807
8101
8412
8249
8379
8338
8817
8411
8282
8847
8178
8418
8313
8414
8401
8258
8384
8124
8765
8278
8940
8577
8634
8455
8372
8543
8516
8680
8506
8831
8543
8815
8809
8932
9213
8610
9289
9014
9171
8597
9361
8880
8943
8950
9138
8943
8782
8898
8770
9554
8901
9409
8791
9629
8905
9630
9212
9365
8773
9393
9350
9218
9598
9463
9660
9094
9468
9036
9949
9194
9714
9406
9659
10017
9576
9968
9318
9748
9610
9790
9720
9569
9940
9548
10058
9723
10035
9784
9692
9981
9640
10488
9966
10448
9882
10170
10330
10636
9941
10037
10025
10215
10333
10212
10252
10073
10382
11293
10102
10511
10442
10683
10730
10463
11440
11262
10519
11149
10705
10496
10807
10419
10864
10628
10621
10850
10996
10534
10714
10661
11271
10729
10698
10902
10661
10855
10413
11142
11096
11072
10860
11708
11823
11440
11612
11702
10872
11072
11098
10883
11539
10994
10701
10901
10788
10962
11091
11305
11359
11145
11266
11343
11179
11049
11435
11233
10936
11110
11367
11249
11411
11392
11698
11257
11348
11767
11633
11757
11350
11839
11853
11483
12032
11743
11665
11730
11815
12245
12298
12296
11901
12466
11746
12154
12583
11768
12339
12188
11881
12193
12078
11798
11947
12428
12200
12279
12195
12602
12127
12026
12140
12289
12169
12367
12377
12597
12282
12528
12396
12491
12371
12589
12609
12492
12896
12635
12624
12762
12520
12528
12728
12243
12642
12585
12700
12689
12762
12957
13056
12689
12969
12773
13187
12844
13492
13514
12875
12941
12969
13209
13514
13167
13449
13416
13386
12872
13082
12881
13123
13455
13364
12897
13453
13355
13574
13311
13403
13604
13313
13489
13894
13686
14038
14307
13276
14407
14705
13770
14035
13915
14277
14004
15539
15080
13991
14379
14213
14027
14133
14031
14013
14130
14280
14099
14279
14052
14178
14456
14700
14731
14816
20815
15564
14145
14161
14692
14337
14658
14746
14497
14422
14420
14745
14806
14570
14263
14374
14457
14785
14483
14397
14706
15411
15159
15134
14833
14417
14771
14832
14633
14720
15420
15208
15246
15393
15045
15625
14868
14952
15576
14672
15351
16055
15094
15533
15167
14966
15182
15310
15199
15267
15316
15276
15650
15288
15097
15131
15235
15358
15210
15439
14893
14987
15462
15904
15913
16131
15828
15162
15563
15996
15455
15562
15874
15222
15981
15941
15339
15136
16096
15622
15528
15816
15723
15743
15679
15453
16071
15428
16002
15664
15611
15731
15897
16330
15888
15557
16014
15885
16199
16081
16144
16053
16079
16499
15972
16608
16041
16043
15818
15993
16128
15629
16224
16085
18101
18470
16540
16570
16336
16760
16267
16496
16471
16076
17175
16381
16394
16348
16575
16491
16625
16909
16425
17005
16996
16778
16861
17065
16764
17212
16630
18027
17330
17036
16812
17027
16743
16768
17047
17177
17085
17308
17064
17133
17197
17498
17433
17676
17178
17349
17087
17042
17599
17737
18502
18466
17574
17483
17539
18614
17110
17190
17728
19331
17703
17334
17358
17486
17716
18009
18323
17736
18489
17296
17329
18086
17858
17977
17622
17625
17605
17881
17425
17793
17798
18061
17773
18024
18272
17905
20292
17894
18125
17970
18263
18090
18073
17890
17911
18141
18061
17987
17878
18440
18263
17805
18167
18681
18175
18254
18456
17979
18084
18156
18329
18163
18632
18422
18090
18831
20597
19538
18266
18732
18591
18514
18761
18418
18808
18934
18798
19134
18974
19482
18983
19165
18744
18801
18698
18645
18902
19181
19280
18825
18493
19544
19231
19368
18856
19000
19616
19244
19614
19097
18961
18879
19228
19018
19894
