Тестирование на перемешанном массиве (микросекунды):
122
107
116
137
147
158
177
214
207
239
253
254
268
282
319
344
334
369
397
450
433
478
588
621
606
663
596
656
671
711
752
730
722
720
783
811
826
828
839
825
992
877
901
954
939
1047
1039
1000
1048
1101
1048
1127
1298
1168
1139
1165
1170
1209
1194
1251
1342
1341
1438
1426
1394
1425
1531
1444
1390
1237
1323
1313
1486
2055
1745
1790
1728
1636
1565
1570
1489
1562
1527
1901
2025
2044
2189
1841
1872
1891
1842
1977
1953
1940
2098
2100
2104
1808
1862
1896
1918
2001
1892
1890
1956
2009
2044
2179
2085
1981
2198
1905
2090
2102
2096
2266
2319
2559
2220
2230
2839
2616
2486
2344
2495
2358
2377
2395
2226
2284
2464
2685
2728
2943
2602
2573
2473
2539
2845
2975
3016
2714
2652
2579
2606
2745
3284
2923
2887
2837
3313
3209
3248
3403
3314
3373
3173
3211
3476
3388
3614
3476
3298
3573
3472
3608
3719
3135
3230
3442
3185
3202
3289
3230
3808
3723
3609
3331
3290
3722
3767
4002
3598
3517
4062
5128
4635
3582
3591
4341
3970
3665
3704
3886
4106
3922
4202
4568
4312
4529
4477
4295
4378
4595
4600
4612
4246
4420
4512
4551
4587
4242
4539
4436
4395
4787
4952
4044
4177
5311
5291
4208
4743
5331
4396
4244
5176
5179
4792
4787
4929
5019
4917
4747
5175
4160
4341
4355
4292
4325
4749
4410
4689
4584
5296
4650
4442
4447
4892
4801
4472
4664
5569
4768
4853
5667
4921
5277
4694
5172
4800
5048
5115
5727
5217
4802
5005
5065
4921
4869
5180
5363
5335
5011
5820
5251
5282
5115
5325
5440
5002
5703
5192
5260
5745
5631
5410
5214
5528
5502
5155
5512
5771
5933
5452
5500
5572
6206
5990
5875
5898
6036
5484
5894
5687
5640
5874
6260
6032
6680
6644
5865
5748
6029
6118
5882
5803
6059
6080
5971
7288
6341
5801
6138
6318
6450
6744
6136
5985
6809
6303
6216
6894
6575
6237
7019
6711
6394
6391
6706
6279
6820
6270
6499
6899
6967
6975
7175
6435
7100
6522
6856
7321
6935
6783
6505
6602
7171
7344
7132
7152
7517
7086
7277
7363
7670
6750
7403
6921
7148
7360
7288
7795
7009
8266
7396
7918
7353
7078
8084
7732
7108
7742
7198
8067
7154
8708
7783
8600
7864
7346
7564
7365
8130
7321
7626
7980
7986
8104
7496
7828
7611
7860
7541
7415
8441
7314
7763
8112
7879
9875
7581
8058
8576
7767
8374
7887
8269
8450
8250
8832
7971
8354
8390
9043
8000
8300
8119
9377
8511
8757
7999
8722
8222
8870
8556
9461
8436
8940
8163
8602
8157
8955
9123
9232
9058
8739
9382
8847
9432
9123
9639
8347
9221
8395
9487
8773
8806
9295
9239
9399
9398
9400
9505
9712
8577
10084
8433
9965
8911
9541
9588
9594
8666
9741
9566
9526
9459
10003
9536
9266
9210
9921
9261
9396
9473
9728
9781
9983
9592
10034
9892
9823
10075
10057
10168
9962
10278
9833
9935
10028
10329
10302
10504
10048
10137
9728
9644
9786
10614
9964
9909
10278
10111
9502
9764
10235
10009
10422
10589
10505
10387
10409
11055
10066
11000
10103
10975
10310
10438
10507
10622
10654
10218
10852
11404
11461
10231
10600
11290
10617
10117
11321
11490
10884
11703
11174
11026
11210
10775
10787
11105
11052
11579
10863
10856
11776
11882
11384
12443
11543
11889
11998
12172
11922
11953
11939
12060
11668
11818
11978
12070
11481
11588
10995
11633
11833
11562
11892
12165
11272
12119
10931
12512
11996
12247
12225
12058
12026
11665
11704
11687
11741
11537
12333
12180
12149
12613
11887
12738
11656
11782
12172
11968
12593
12511
11794
12324
12667
12801
12698
12952
12907
13081
12893
12819
12915
12265
12268
12495
13671
12703
13188
12980
13180
12646
13469
12706
12597
12185
12113
12752
13147
12670
12809
13366
13230
13033
13136
13083
13226
13282
12990
13385
12687
13250
13528
13049
13608
13612
13693
13442
13571
13041
13286
14068
13983
13940
13405
13836
14015
13819
13146
13765
13906
13718
13732
14257
13595
14069
13249
14292
13781
13146
13467
13946
14147
14247
14437
14470
13662
14151
14535
14533
14405
14955
14143
14414
14795
13931
14100
14580
13569
14088
14756
14824
14243
13966
14761
14364
14890
13955
13909
13547
13790
14921
14848
14927
14109
14254
15261
15372
15302
14977
14829
14619
14627
15501
15435
15547
14600
15400
14353
14993
15105
15016
15701
14993
15657
15394
15231
14500
15765
16040
15263
15582
15883
15688
15771
15425
15615
15753
15341
15805
15369
16409
16873
15211
15970
15604
15831
15270
16410
15043
15754
15424
16543
15721
15992
16332
16231
16045
16209
16712
17053
16552
16742
16420
16878
16340
16998
15845
16220
15316
15574
15656
16575
16151
16302
15678
16133
15954
16898
16142
15831
16152
16377
16872
16180
16512
16369
16600
15602
16912
16131
15587
16084
16594
17174
16681
16772
16803
15860
16102
17421
17275
16520
16848
16377
16302
17739
17172
20627
20888
18245
18208
17994
18162
17779
17262
17510
17493
16998
16439
17228
18173
16364
17752
17222
17586
17353
17931
18018
17906
17686
17801
18215
17501
19219
17995
18331
18649
18692
17739
17209
17066
18205
18963
17017
17635
22836
20864
18406
18807
18494
18763
18858
17627
17825
18360
18601
18069
18991
17949
18973
17830
18522
18650
18580
19214
17731
18424
18808
19041
18708
17819
18545
18230
18070
19041
18342
18224
18061
19064
18369
18267
18124
18549
18229
19458
18886
17749
18684
19181
19109
18995
19116
18370
19457
18598
18419
19031
19158
18473
19588
19409
19595
19084
18794
20351
19117
19934
18365
19437
20623
20095
19404
19452
19001
19400
19852
20084
18908
18254
19125
19625
18622
19760
19907
19757
19925
20269
20070
20335
19768
19566
19514
20269
20710
21120
19744
19500
20365
19442
19626
20305
19786
20848
20105
19681
19822
20066
19002
20643
20718
20885
19689
20404
19593
19637
19816
20717
19675
19596
20777
19120
20321
20830
20695
21028
20663
20441
21101
19721
19110
20060
20905
20484
19830
20245
21293
21185
19904
21162
20495
20243
21062
21192
20143
20470
20659
20375
20708
22260
21341
20552
