Тестирование на реверсированном массиве (микросекунды):
84
101
114
133
162
161
182
213
240
247
259
260
274
306
308
354
400
372
440
406
419
442
535
511
655
551
554
560
607
556
599
678
647
633
649
729
725
719
785
733
802
784
823
832
889
903
1101
931
943
960
1031
953
1005
939
976
1114
1090
1124
1087
1157
1046
1181
1246
1203
1216
1311
1254
1274
1268
1236
1338
1378
1356
1435
1406
1426
1402
1520
1660
1547
1539
1749
1590
1622
1645
1682
1621
2122
2527
1935
1962
1824
1804
1749
1965
2026
1964
2172
1898
1828
1890
2007
1905
1967
2047
2075
2039
1929
1978
2114
2073
1961
2309
2065
2095
2183
2221
2186
2148
2160
2348
2372
2184
2240
2440
2309
2302
2471
2579
2491
2475
2575
2459
2408
2658
2672
2522
2680
2620
2548
2600
2820
2684
2690
2754
2719
2816
3065
2932
2935
2885
2791
2718
3072
2898
2898
2952
2978
3101
3002
2979
3036
3141
2984
3184
3000
3299
3334
3166
3265
3373
3209
3127
3186
3475
3530
3406
3385
3357
3328
3874
3572
3444
3464
3558
3647
3758
3485
3456
3937
3743
3587
3635
3818
4001
3580
3782
4314
4054
3785
3689
3873
4027
3880
3780
3731
3787
3908
3817
4087
4049
4034
3877
4082
3923
4043
4131
3962
4044
4284
4280
4331
4165
4206
4168
4274
4189
4365
4462
4219
4381
4254
4363
4364
4380
4454
4550
4379
4465
4612
4391
4509
4571
4528
4398
4452
4520
6065
4499
4561
4939
5469
5155
4918
4943
5479
4808
4642
4877
4920
4940
4832
5053
4937
5155
4910
4965
5281
4860
4916
5025
5216
5179
5120
6610
5398
5141
6263
5236
5276
5361
5621
5691
5304
5380
5382
5508
5389
5405
5646
5355
5271
5758
5629
5517
5616
5870
5530
5416
5991
5729
5757
5855
5629
5720
6053
5638
5828
6043
5651
5947
6052
5885
6055
5986
6878
6202
5894
6343
6079
6250
6258
6101
6325
6375
6546
6034
6407
6178
6349
6511
6025
6718
6259
6328
6810
6451
6530
6706
6616
6547
6461
6617
6629
9641
8441
6543
7463
6844
6635
6914
6938
6867
6761
6909
7302
6968
6946
6823
6828
7047
7133
7128
7058
7642
7065
7382
7516
6929
7431
7048
7716
7042
7000
7859
7104
7149
7227
7332
7451
7262
7062
7338
7397
7508
7349
7506
7345
7466
7425
7602
7237
7492
7442
7472
7647
7751
7561
7798
7692
7787
7686
7882
7787
7592
7830
8074
7872
7971
7567
8596
7902
8194
8107
8055
8341
7976
8108
8183
8086
8042
8189
8053
8128
8329
8256
8464
8198
8153
8746
8228
8411
8160
8755
8355
8340
8408
8704
8319
8697
8515
8804
8368
8697
8544
8580
8765
8867
8567
8760
8612
9072
8664
9156
8846
8889
8921
8928
9075
8898
9061
8846
8537
8866
8803
9215
9053
9071
9165
9076
9128
8802
8999
9131
9138
9235
9066
9337
9250
9331
9232
9134
9112
8999
9284
9174
9378
8922
9359
9649
9510
9496
9848
9354
9883
9775
9511
9461
9856
10942
9414
10241
9634
10036
9952
9790
9921
9838
10074
10041
10260
10031
10295
10247
9931
10185
10157
9967
10034
10207
10680
10398
10501
9723
10299
10458
10353
10082
10251
10144
10427
10640
10343
10563
10652
11365
10804
10486
10533
10097
10695
10820
10452
10505
10657
10769
10709
10609
10434
10367
10826
10941
10923
10752
10696
10856
11072
10849
11197
10870
11092
10579
11103
11052
11172
11322
11249
10975
10840
11210
11296
10844
11089
11277
11628
11385
11031
11099
11021
11306
10955
11261
12413
11147
10830
11334
11770
11517
11780
11541
11487
11417
11660
11672
12747
12081
11899
11779
11768
11272
11726
11787
11549
11655
11545
12628
11988
11784
13092
12005
11668
12212
12061
11297
12415
12086
12249
12198
11947
12360
12072
12229
12258
12556
12292
12318
12229
12229
12818
12711
12505
12418
12454
12412
12795
12254
12278
12551
12841
12547
12816
13020
12777
12874
12874
12851
12631
12733
12455
12855
12335
12616
12880
12829
13039
12973
12975
13439
12745
12911
12269
13256
12868
12808
13273
13015
12921
13715
12972
13981
12938
12823
13230
13433
13691
13257
13806
15171
12940
13308
13425
13737
13646
13778
14069
13053
13156
13328
13580
14121
14371
13750
13905
14439
13658
13845
14245
13713
14189
13759
14408
15428
15312
13211
14418
14183
14149
13739
14886
14505
14412
14787
14976
14279
15744
16171
15017
14557
14830
15464
15552
14677
14990
13873
14183
14373
14553
14476
14411
14414
14550
14965
14461
15088
14547
14443
14276
14484
15096
14367
14851
15071
14727
15516
14802
15231
15071
15815
14436
15004
14713
15058
14838
15333
14772
15137
14895
14983
14733
15506
15267
15196
15081
15062
14947
15330
15530
15548
14970
15501
15891
14987
16617
15280
15862
15295
16202
15984
16524
16485
16573
15266
15487
16088
16583
16959
16144
15267
15690
15328
15261
16726
16735
17262
15160
17163
15712
15415
15740
15827
16122
16538
15905
15788
16391
15900
15730
15615
16219
16229
15462
15337
16063
15661
16158
16058
15612
17110
16257
15973
16371
16706
16625
16034
15941
16127
16627
16408
16563
17265
15709
17283
17022
17986
16540
16972
16833
16909
16877
17059
16840
16905
16581
16624
17086
17127
17033
17209
16698
17014
17046
17227
16594
17469
17057
17230
17043
17552
17075
16374
16818
17140
17357
17013
17243
17116
17721
17785
17880
17649
17588
17677
16606
17432
16934
17772
17091
17065
17350
17031
17213
16952
18012
17145
17571
18034
17270
17779
17264
17362
17539
17278
17852
19582
17243
17524
17980
17855
18311
18221
18163
17913
18354
17922
18047
17781
17997
18183
18309
18217
18332
17621
17772
18225
18313
18553
18857
18101
18451
18470
18569
19304
18676
18551
18610
18969
18662
18261
18139
18116
18715
18846
19089
18233
18393
18779
18849
19010
18919
18861
18804
19262
18802
19140
18885
19044
18946
20621
18370
19239
19354
19825
19562
19732
19348
19250
19290
19270
18677
18633
19320
19202
19362
19231
19029
19651
19053
19465
19322
19590
19508
19050
19024
19284
19440
18661
19499
19525
19735
19739
19443
19688
19708
19605
19517
19465
19439
19964
19858
19708
19020
19985
20100
19600
20115
20345
