Тестирование на перемешанном массиве (микросекунды):
Граница: 25
48
1297
2069
3377
4319
4557
5720
8002
7788
7390
Граница: 35
16
614
1443
2082
2853
3269
4073
5046
6431
6190
Граница: 45
15
483
1003
1826
2598
3793
4104
4569
5441
6417
Граница: 50
15
519
1037
1700
2473
3023
4435
4754
5306
5785
Граница: 55
18
591
1158
2101
2512
3192
3931
4473
6280
6226
Граница: 65
13
547
1252
1700
2532
3118
3523
4436
6013
6183
Граница: 75
12
547
1171
1698
2500
3078
3708
4318
5588
6008



Тестирование на реверсированном массиве (микросекунды):
Граница: 25
34
932
1646
2606
3364
4428
5136
5646
6689
7943
Граница: 35
19
684
1331
2112
2887
3564
4159
4773
6379
6899
Граница: 45
17
506
1125
1990
2454
3634
3806
4748
5231
5562
Граница: 50
14
497
1086
1848
2626
3150
4266
4687
5587
6106
Граница: 55
16
505
1092
1849
2459
2970
4346
4830
5531
6049
Граница: 65
13
528
1045
1631
2548
3112
3430
4672
5535
5983
Граница: 75
14
678
1084
1581
2353
2885
4133
4394
4960
5775



Тестирование на почти отсортированном массиве (микросекунды):
Граница: 25
24
735
1583
2426
3113
3593
4529
5493
6494
6966
Граница: 35
17
709
1306
1777
2656
3283
4037
4703
6143
7344
Граница: 45
15
547
1145
2347
3222
5325
5646
5079
4970
5984
Граница: 50
16
527
1117
1899
2491
3085
4392
4394
5188
6353
Граница: 55
18
505
1217
1790
2236
2834
3763
4644
5426
6053
Граница: 65
12
506
1111
1582
2562
3139
3556
4463
5408
5967
Граница: 75
12
511
1142
1665
3041
3002
3228
4092
5360
6043
