Тестирование IntroSort на перемешанном массиве (микросекунды):
44
51
45
53
54
59
64
63
78
81
86
91
111
110
125
117
124
131
134
145
168
154
155
165
172
184
191
192
205
204
229
241
221
221
242
240
253
264
261
270
273
288
315
324
300
314
321
391
336
339
342
3192
627
586
625
1629
556
470
403
415
475
427
448
429
452
456
491
507
500
491
470
551
577
530
545
598
593
602
680
795
862
1175
751
1064
1043
767
624
605
599
596
616
633
615
645
644
626
664
693
749
722
713
767
1279
1502
1071
763
790
779
769
807
818
806
831
844
885
904
945
895
912
931
960
972
941
947
1005
1073
969
1035
990
1044
1027
1004
988
1068
1008
1040
1032
1063
1111
1069
1042
1067
1069
1103
1100
1147
1128
1135
1167
1138
1225
1178
1183
1160
1276
1178
1173
1221
1234
1213
1218
1204
1235
1219
1278
1326
1256
1282
1264
1328
1310
1298
1327
1333
1323
1350
1414
1627
1391
1242
1229
1276
1270
1340
1387
1421
1361
1416
1498
1506
1954
1342
1263
1315
1252
1448
1815
1362
1364
1298
1316
1407
1354
2152
1477
1493
1567
1486
1460
1407
1433
1434
1438
1421
1506
1441
1438
2116
1854
1584
1544
1658
1513
1524
1599
1576
1616
1578
1555
1594
1728
1611
1588
1647
1758
1670
1756
1663
1624
1658
1575
1708
1907
1826
1716
1817
1752
1655
1669
2057
1993
2071
1881
1929
2112
2141
1764
1769
1860
2057
2005
2038
1971
2148
2138
1973
1834
1816
1709
1772
2022
2074
2048
2219
2218
1967
2175
2152
1899
1987
2112
2194
2228
2462
2340
2088
1977
1957
2140
1964
2201
2376
2397
2236
2472
2111
2011
2023
1978
1999
1946
2135
2077
2028
2090
2048
2148
2142
2121
2150
2094
2139
2167
2171
2153
2348
2114
2046
2155
2083
2086
2346
2313
2289
2492
2182
2299
2820
2658
2667
2765
2540
2380
2510
2542
2655
2717
2653
2541
2597
2621
2643
2810
2841
2659
2545
2837
2542
2538
2621
2904
2822
2553
2445
2445
2329
2486
2738
2659
2849
2938
2498
2476
2620
2581
2423
2946
2935
2768
2685
2850
2481
2442
2461
2417
2407
2756
2616
2594
2605
2592
2525
2843
2795
2950
2681
2695
2653
2950
2953
2952
2917
2920
2878
2911
2967
2634
2581
2544
3715
2668
2691
2950
2803
2682
2620
2961
2849
2998
3228
2870
2758
2920
3214
3154
3654
3113
2710
3039
3350
3130
3536
2825
3065
3131
3221
3333
2927
2893
3179
3204
3165
3778
3054
3061
2877
2832
3352
3671
3205
3345
3031
2916
3356
3595
3396
3414
3405
3274
3294
3284
3324
3329
3377
4558
3249
3313
3371
3417
4233
3197
3078
3527
3576
3449
3294
3061
3375
3517
3581
4046
3146
3620
3502
3517
3816
3788
3625
3725
4447
3666
3193
3406
3377
3442
3580
3365
3259
3694
3290
3290
3325
3232
3568
3692
3445
3633
3777
3666
3765
3719
3804
3674
3325
3466
3242
3321
3235
3474
3426
3663
3403
3290
3674
3893
3559
3393
3438
3378
3350
3880
3584
3502
3674
3417
3434
3805
3465
3568
3407
3556
3623
3704
3669
3675
3651
3685
3705
3577
3651
3750
3783
3718
3502
3642
3673
4000
3648
3722
3663
3663
3572
3729
3727
4311
3783
3611
3838
3727
4319
3765
3972
3880
3959
3980
3824
3862
3966
4051
3861
3689
3975
4010
4225
3777
3922
4080
4072
4000
3910
4029
3965
4613
4017
3891
3818
3845
4393
3964
3955
3781
4049
4121
4330
4041
4102
4154
4150
4089
4070
4224
4156
4165
4160
4152
4099
4243
4165
4709
4048
4144
4245
4419
4103
3896
4297
4327
4347
4263
4364
4080
4707
4049
4107
3977
4275
4251
4479
4294
4315
4388
4416
4135
4367
4147
4353
4383
4294
4191
4164
4373
4334
4552
4439
4469
4486
4410
4512
4502
4438
4439
4232
4447
4638
4570
4721
4493
4471
5368
4845
4403
4488
4572
4446
4663
4345
4746
4495
4344
4456
4584
4632
4394
4505
5203
4468
4598
4626
4606
4812
4813
4615
4884
4703
4503
4674
4981
4798
5001
4667
4963
4766
4640
4631
4565
4785
4903
4778
4869
4933
4915
4824
4861
5331
5058
5090
4832
4945
5082
5090
5017
5392
5067
4702
4727
5702
4728
4843
4661
5008
4742
4864
4770
4938
5212
5487
4863
4690
5370
4865
4783
5252
5417
4741
5303
4932
5062
4813
5196
6018
5092
5436
5287
5188
5104
5091
5231
5328
5231
5505
5289
5012
5394
5475
5365
5265
5170
5285
5323
5100
5149
5303
5314
5529
5334
5439
5871
5198
5574
5605
5323
5202
5045
5305
5169
5384
5593
5253
5173
5577
5674
5492
5605
5733
5923
5282
5303
5857
5456
5541
5365
5771
5243
5420
5384
5281
5517
5391
5866
5419
5304
5377
5763
5696
5291
5952
5675
5414
5645
5818
5493
5478
5701
5713
6110
5655
5580
5760
5800
5904
5907
5900
5509
6222
5560
6051
5624
5966
6297
6003
5734
6180
5999
6221
5756
5908
5866
5992
5991
6556
6053
5771
5796
6349
5952
6035
6191
6125
6081
6275
6047
5986
5850
6272
6468
5816
6225
6936
5838
6055
6705
6019
6103
7693
5925
6218
6856
5855
5875
6126
6334
6419
6161
6262
6323
6476
6351
6595
6054
6512
6600
6382
6548
6707
6318
6886
6577
6075
6443
6396
6292
7084
6510
6304
6266
6785
6244
6386
6759
6632
6474
6699
6220
7131
6599
6697
6421
6706
6526
6869
6954
6491
6720
6829
6833
6962
6887
7077
6914
6947
6738
6868
7936
6568
6890
6880
6832
7130
6837
6894
7198
6733
7017
7302
6829
7235
7280
6635
9566
6813
6774
7150
6843
6885
7041
7065
6939
7381
7195
7141
7093
7114
6895
7397
7099
7567
7147
7033
7160
7279
7511
7378
6929
7315
7443
7418
7923
7033
7681
7638
7424
7854
7704
7627
7544
8013
7706
7678
7931
7158
7163
7905
7354
7958
7448
7315
7563
7302
7845
7562
7722
7702
7866
7397
7991
7462
