Тестирование IntroSort на почти отсортированном массиве (микросекунды):
20
15
18
21
22
35
34
37
39
41
44
57
49
51
62
56
63
72
74
78
81
84
88
92
94
96
98
104
112
108
110
114
114
119
128
123
133
145
155
158
175
190
167
215
176
177
185
184
192
192
203
198
201
201
204
213
217
229
222
229
233
249
255
257
251
245
329
247
248
254
268
258
267
269
271
275
292
294
345
325
339
328
347
364
377
355
374
377
382
382
396
382
387
383
386
389
390
409
407
394
404
412
415
422
421
414
426
441
434
447
465
453
461
465
499
472
489
469
482
548
481
487
503
502
523
519
526
582
626
528
538
518
535
527
523
536
535
554
550
556
551
559
563
568
568
577
601
572
580
577
588
597
587
598
604
671
613
663
624
633
619
685
629
656
669
659
708
718
706
760
718
764
737
756
787
779
794
770
756
783
822
884
883
857
804
883
870
799
804
844
817
814
814
846
823
820
848
861
861
873
901
906
1005
884
868
872
895
873
880
946
923
917
912
928
944
960
923
925
926
941
1030
1011
966
1036
1032
918
928
946
1016
967
963
962
1029
978
998
988
994
1068
1127
1113
1061
1154
1052
1085
1124
1202
1142
1035
1038
1039
1116
1041
1033
1054
1124
1166
1127
1180
1099
1091
1097
1105
1135
1088
1564
1165
1314
1164
1179
1332
1760
1342
1126
1158
1112
1177
1164
1214
1194
1239
1247
1246
1159
4655
1184
1207
1152
1186
1184
1195
1250
1186
1261
1359
1352
2451
1237
1219
1518
1415
1267
1482
1230
1263
1317
1260
1369
1316
1327
1343
1308
1460
1556
1496
1369
1425
1281
1264
1265
1347
1267
1341
1310
1451
1741
1396
1426
1432
1349
1429
1459
1433
1437
1469
1457
1478
1515
1466
1618
2085
1556
1571
1668
1602
1703
1785
1537
1572
1587
1598
1586
1763
1672
1630
1689
1801
1820
1779
1694
1671
1666
1749
1725
1725
1721
1719
1880
2076
1895
1713
1767
1714
1668
1770
1737
1765
1776
1851
2736
2221
1898
1805
1917
1792
1974
1869
1782
1743
1736
1824
1699
1772
1931
1879
1821
1822
1915
1783
1811
1940
2212
2122
2094
2256
2060
1975
1941
1975
1878
2406
2228
2156
2179
2327
2568
2353
1910
1971
1947
1842
1905
2046
1962
1940
1940
2145
2492
2580
2288
2469
2070
2119
2290
2209
2289
2082
1894
2000
2077
2052
1929
2260
2236
2171
1979
2219
1969
1996
2106
2162
2078
2079
2014
2110
2368
2105
2006
2025
2560
2592
2007
2132
2278
2087
2016
2227
2207
2449
2427
2393
2514
2068
2107
2120
2279
2140
2122
2129
2460
2729
2206
2340
2360
2405
2535
2569
2279
2184
2349
2690
2681
2520
2481
3155
2158
2391
2448
2446
2506
2574
2681
2344
2332
2394
2195
2233
2179
2562
2514
2307
2291
2208
2235
2338
2571
2526
2637
3609
2552
2498
2310
2390
2355
2498
2865
2749
2350
2766
2442
2385
2355
2289
2337
3148
2413
2538
2654
2510
2406
2402
2438
2520
2474
2547
2730
2429
2427
3100
2892
2762
3033
2549
2402
2813
2762
3160
3418
2660
2475
2575
2931
2866
2963
2820
2474
2503
2444
2552
2904
2726
2752
2519
2633
2785
3097
2842
3123
2510
2431
2938
3074
2957
2991
2632
3067
2645
2555
2577
2774
2725
2686
2521
2627
2699
2998
3013
2685
2627
2656
2726
2671
2608
2606
2526
2733
2895
2764
2632
2717
2578
2600
2586
3379
2657
2670
2880
2654
2834
2740
2843
2602
3149
2838
2656
2644
2691
2865
2714
2960
2860
2759
2904
2643
2807
2822
2859
2705
2829
2729
3060
3046
3017
2913
2971
3236
2972
3016
3045
3095
3120
3195
3026
3079
3135
3098
3269
3082
3210
3210
3261
3303
3380
3184
3814
2954
2918
2969
3202
3140
3524
3317
3369
3135
3026
3951
3230
3410
3164
3265
3233
3596
3223
3297
3708
3216
3609
3364
3380
3384
3280
3667
3572
3719
3759
3340
3310
3798
3501
3403
3465
3362
3449
3819
3705
3576
3720
3836
3606
3473
3544
3448
3422
3791
3897
3487
3441
3405
4007
3496
3406
3597
4014
3849
3778
3637
3607
3467
3417
3648
3498
3721
3663
3665
3786
3749
3780
3552
3587
4084
3526
4020
3630
3524
3600
3983
4112
3652
3498
3587
3888
4306
3892
3613
3512
3943
3968
3866
3818
4053
4016
4047
4001
4336
3974
4045
4065
4155
3922
3970
4059
4201
4034
4344
3824
3889
3708
4177
3856
3728
3732
3722
4382
3774
3825
3839
3788
3825
3786
3738
4135
4444
4147
4172
4087
4377
4100
4784
3982
4497
3756
4180
3799
3789
3980
3833
4503
3986
3881
3854
3753
4258
3763
4290
4052
4167
4243
4632
3870
3857
3820
4232
4291
3998
3878
4128
4265
4536
4120
4255
4304
4437
3846
4125
3909
4324
3897
3963
4074
4271
4261
4449
4070
4021
6030
4115
4169
3964
4661
4160
4217
4105
4377
4139
4265
4171
4146
4598
4083
4038
4126
4169
4176
4274
4216
4135
4188
4249
4483
4135
4270
4347
4421
5048
4501
4231
4227
4373
4107
4381
4756
4415
4291
4229
4452
4463
4307
4172
4120
4968
4258
4087
4373
4661
4895
4196
4903
5440
4316
4590
4811
4838
4520
4317
4731
4783
5004
4302
4342
4631
4393
4403
4650
4740
5038
4794
4682
4833
4908
4838
4662
4468
4935
4528
4779
4257
4326
4509
4681
4340
4769
4760
5395
4359
4451
4413
4876
4332
4534
4356
4794
4361
4459
4352
6278
4657
4603
4972
4935
4670
4889
4717
5137
4897
4493
4734
4724
4573
4689
4710
5232
5422
4971
4786
5474
5230
5304
5109
5222
5366
4889
5178
5888
4671
4769
5236
5250
5076
5128
5088
5221
5180
5299
5370
5062
4597
4941
5213
5177
5565
4713
4572
5045
4728
4883
5162
5546
