Тестирование IntroSort на реверсированном массиве (микросекунды):
25
32
43
47
52
57
62
66
72
75
89
106
101
97
106
115
128
119
133
138
160
161
176
168
168
173
181
198
199
202
242
211
218
223
239
243
237
235
279
301
271
276
281
290
293
303
309
343
363
375
346
348
350
362
394
383
385
385
438
420
411
396
527
442
423
434
489
475
438
451
464
465
480
495
486
525
505
515
512
552
530
532
555
579
592
568
604
588
595
675
710
725
665
648
628
658
639
642
695
713
687
673
727
702
702
692
717
784
771
742
745
843
784
858
820
846
929
855
897
878
888
959
901
939
932
946
958
977
975
951
992
992
992
1063
1065
968
970
926
961
1293
1046
960
994
1023
1091
1053
1063
1091
1094
1112
1266
1197
1128
1045
1103
1010
1115
1043
1128
1149
1111
1065
1096
1088
1180
1088
1164
1180
1129
1381
1502
1373
1321
1293
1388
1203
1169
1238
1200
1230
1198
1272
1190
1335
1537
1494
1418
1337
1337
1288
1276
1319
1376
1350
1334
1271
1371
1313
1524
1398
1397
1483
1403
1440
1639
1501
1409
1409
1590
1444
1409
1447
1537
1524
1540
1546
1568
1576
1533
1539
1571
1478
1529
1580
1543
1695
1801
1750
1698
1577
1638
1664
1657
1663
1648
1572
1602
1699
1757
1985
1733
1698
1733
1844
1886
1719
1727
1756
1753
1816
1792
1733
1842
2034
1812
2068
1933
1950
1831
1929
1791
1997
2005
1965
1879
1927
1909
1957
1957
1888
1836
2183
1929
1958
1967
1939
2177
2008
1950
2113
2172
2309
2178
2047
2054
2000
2023
2021
2013
1968
2044
2189
2134
2172
2081
2190
2099
2028
2025
2049
2163
2155
2140
2169
2194
2163
2124
2284
2396
2275
2215
2264
2277
2161
2153
2157
2390
2454
2418
2812
2384
2233
2233
2221
2288
2327
2398
2403
2313
2264
2323
2881
2943
2678
2611
2425
2451
2354
2394
2433
2502
2404
2412
2630
2652
2402
2409
2551
2604
2513
2442
2632
2426
2469
2571
3023
2706
2556
2500
2683
3288
2944
2963
2901
2667
2758
2830
2790
2534
2677
3208
3112
3032
2945
2607
2659
2719
2700
2709
2902
2687
2702
3129
3133
2884
2796
3228
2746
2613
2802
2819
2898
2926
2748
2749
2764
2927
3241
3080
3000
2708
2740
2724
3019
3238
2884
3015
2879
2755
2859
3497
2959
2895
3046
2816
2994
2903
2950
3637
3289
2943
3012
2978
3063
3293
3231
3149
3056
3054
3022
3156
3141
3273
3588
3315
3107
3117
3261
3167
3425
3146
3159
3095
3236
3355
3505
3163
3256
3444
3569
3810
3240
3181
3350
3258
3423
3239
3172
3577
3732
3616
3333
3188
3394
3796
3815
3427
3277
3252
3272
3370
3644
3467
3518
3223
3327
3338
3651
3432
3450
3579
3521
3586
3701
3585
3432
3394
3718
3538
3558
3590
3502
3695
3630
3652
3520
3390
3427
3858
3700
3622
3743
3479
3782
3687
3642
3956
3597
3537
3697
3687
3815
3604
3667
3674
3650
3910
4007
3807
3890
3854
3735
3723
4029
4006
3794
3923
3669
3987
3900
4002
3793
3699
3984
4028
4002
3719
3842
3959
4368
4067
3815
3816
4487
3990
4027
3839
3828
4032
4136
4022
3956
3930
4038
3813
3886
4100
4119
3972
3928
4270
4218
4057
4005
4059
4435
4104
4108
3929
4006
4276
4149
4112
3996
4078
4567
4135
4256
4040
4093
4278
4268
4116
4422
4266
12905
4462
4572
4763
5904
4676
4697
5261
4929
4723
4711
4739
4784
4719
4750
4797
4857
4743
4777
4757
4761
4774
4926
4613
4139
4469
4617
4318
4237
4391
4447
4483
4262
4295
5102
4528
4594
4767
5168
4655
4612
4936
4957
4514
4547
4598
4893
5034
4309
4367
4432
5131
4595
4631
4374
4803
4755
4906
4397
4447
4766
4946
4593
4533
4827
5066
4629
4561
4698
4857
4710
4601
4582
5181
4604
4616
4624
5000
4688
5016
4798
4870
4904
5016
4808
4842
5118
5639
4791
4725
5067
5342
4983
4701
4724
5677
4954
5051
4864
5132
4882
4988
4922
5462
4900
5117
4957
4890
4984
5546
4816
4974
5276
5613
4864
5084
5702
5136
5115
4939
5270
5277
5198
5134
5165
5170
4986
5025
5312
5118
5090
5041
5106
5696
5154
5210
5334
5979
4958
5094
5329
5417
5041
5333
5865
5381
5161
5517
5474
5174
5122
5757
5356
5359
5165
6045
5480
5604
5362
5508
5853
5305
5423
5797
5403
5256
5616
5477
5492
5248
5418
5324
5326
5858
5340
5586
5337
5946
5553
5531
5755
5477
5576
5581
5672
5740
5478
5844
5813
6046
5668
5751
6196
5485
5540
6124
5975
5596
5894
5770
5664
5623
5994
6210
5706
5692
6201
5890
5747
5861
6054
5895
5979
6379
6195
6460
6864
5949
6400
6888
5900
6603
6755
6357
6473
6537
5957
6853
6684
6127
5766
6208
6101
6026
6838
6677
6568
6650
6261
5859
6148
6489
6263
5796
6205
6109
5992
6456
6538
6096
6096
6376
6218
6217
6408
6045
6641
6340
5980
6011
6471
6281
6018
6339
6408
6047
6478
6405
6304
6560
6606
6545
6101
6521
6405
6179
6518
6512
6232
6340
6640
6370
6580
6567
6460
6578
6543
6710
6231
6733
6501
6480
6679
6382
6912
7023
6646
6382
6791
6542
6313
6680
6543
6657
6778
6339
7239
6861
6640
6819
6839
6613
6776
6658
6776
6814
7553
6805
6680
7246
6762
7422
6918
6844
6941
6796
6485
7130
6683
6518
7246
6723
6556
6993
6932
6590
7245
6912
6676
7003
6948
6597
7160
6960
6687
7196
7109
6593
7020
6896
7182
6929
6995
6978
7020
6928
7055
6975
6965
7077
7249
7040
7234
7295
6823
7349
7394
7092
6791
7561
7207
6903
7515
7399
6906
7167
7184
6953
7132
7354
7205
7807
7190
7205
7332
7264
7043
7471
7439
7038
7787
7240
7653
8149
7350
7387
7670
7002
7772
7320
7569
7534
7208
7448
7568
7354
7545
7512
7399
7670
7421
