Тестирование QuickSort на перемешанном массиве (микросекунды):
1733
1961
2298
2685
2893
3374
3636
4213
4182
4601
4957
5351
5564
6038
6348
6446
6865
7293
7346
7953
8169
8747
9116
9023
9474
9827
10267
10833
11054
11563
11664
12159
12181
13052
13408
13741
14112
14426
14633
15002
15151
15157
15517
15822
16075
16654
16609
17604
17755
18200
18292
18722
18864
19503
19531
19737
20075
20991
21455
21506
21392
21914
22980
22985
22818
23134
24476
23649
24517
25154
25008
24854
26290
25421
26844
27009
27040
27761
27462
28729
29369
29593
29641
29383
29428
29798
30719
31805
31750
31411
32005
32615
33176
33176
32629
33688
34807
35217
35168
34993
35424
36126
35835
36477
38096
38792
38010
37714
38238
38880
39154
39009
39622
40112
41201
41074
41001
41369
45808
44444
42192
42547
43741
43633
43977
44457
44885
45847
45863
46773
46846
47527
47086
49719
50704
48020
48162
48683
50679
49454
49862
50503
51026
51093
52234
51907
52796
52815
52912
55695
55012
54462
56130
55452
55348
56002
56572
57178
57541
57177
57474
58223
58720
58938
59572
59424
60100
60568
60724
61063
62537
62376
62389
63142
63807
63918
65656
66778
65138
67216
66620
65882
66851
70502
67821
68155
68486
69060
69593
69718
69939
70372
72334
71066
71846
72238
72623
73188
73862
74388
73995
75206
75201
75586
76275
76443
77445
77989
77704
78247
79725
80965
79540
80184
80456
80671
81928
83032
82085
82367
85034
84029
83668
84401
84818
85496
86194
86514
87581
88378
87954
88423
88860
89209
89829
92561
90501
90969
91301
91544
94529
93974
94734
93161
94650
93753
94685
95316
95945
95852
97216
97483
98537
99121
100451
101119
104206
102946
105716
101512
101997
102997
103341
103435
105724
104222
105118
104944
106408
105879
106656
107996
108103
108543
112588
111582
115758
109540
110609
110673
111720
112489
113550
117167
113757
115376
117182
115000
117617
116679
117379
115816
117637
120690
119621
120073
119305
121711
124490
119730
121802
124248
122681
123032
124112
123992
124753
124066
125949
126047
132618
128151
127454
128896
129401
128740
130288
130588
129645
131584
132305
131592
132902
133918
136965
135150
136191
136871
137912
136893
137835
139491
139191
139444
139245
139655
141797
141606
141968
140401
144080
143538
143767
145678
143891
144462
145435
146991
146699
148350
148143
150749
149595
148688
150851
150360
152606
150696
154576
153842
154262
154262
155209
154380
155643
156896
155024
159164
157311
158712
159279
159577
161625
159201
161025
161942
161270
162623
162929
163633
167648
163824
164058
164662
171061
168532
166885
167830
166922
169782
168321
171337
171754
171737
171623
171764
173482
172780
174380
173500
174231
174763
175225
175244
178592
176030
179938
177735
180274
183191
177707
180613
180613
182517
182630
183275
187156
183011
185102
184536
185786
186391
186144
185727
189367
189473
190642
189953
201728
190167
191294
193128
190126
192906
194367
193544
192913
196560
194274
194362
196633
195378
196235
196752
197956
199544
197002
202094
201459
200497
201180
201191
204818
202330
204561
205872
204233
207343
205804
207591
208898
205996
209874
205920
208705
209397
210060
211921
211544
211491
211727
212444
214069
213760
215571
214517
219387
216224
219496
217517
219108
216651
220088
218956
219485
219737
224214
220235
223905
221907
224651
224084
224299
224971
225307
229856
229975
228526
229919
231284
232201
232736
230809
231838
239601
233377
233415
232532
234987
233488
232052
235617
236156
235206
237910
238837
236877
241103
238229
239621
241432
240225
241866
239578
244619
242569
243560
245129
244767
250274
245649
245625
248217
246114
248364
245596
255200
248414
256842
249502
247201
252517
255009
254143
257025
256791
260605
260889
258298
259487
257907
259398
264256
277789
271534
265781
267982
267982
270222
268796
267796
271045
266655
267385
268694
268280
273092
269171
271582
273021
268714
271250
270578
274940
273037
273882
274421
276353
280313
277914
274680
277875
277977
279950
281706
277328
277979
279135
280048
282099
281484
287864
288975
294665
293750
291009
290964
291395
292159
292781
296276
294744
295232
297482
299453
296804
298481
297628
297394
297708
295499
301321
300311
298242
298176
318055
300840
300677
300097
305111
301102
303599
302283
307240
303518
310677
314319
313065
311302
309351
315626
312012
315914
316569
314144
314250
313392
312152
317236
317662
318741
319137
318054
318496
323509
319488
321327
321707
321990
320656
320722
321160
319848
321072
320158
322427
328034
327169
326835
324134
328967
322292
329111
327503
332724
324467
329273
327911
328850
328850
331247
331289
327591
329974
331771
334887
335979
336937
332679
334523
334832
338584
340817
338847
337875
340701
336883
339567
340389
341061
340748
340123
341172
338787
347521
339675
347277
348138
343691
348186
346618
348657
348288
346291
349673
350283
350216
348732
348382
356501
367934
361776
362824
355705
357049
353047
360021
367663
359354
358040
357953
359127
357328
365742
360530
364649
361588
359894
370036
360518
361230
359513
365250
362332
370823
365635
367873
366869
367819
368676
369905
365409
366571
371232
369859
372839
371361
374781
373590
376359
369579
371975
373740
372385
382725
373714
379275
376664
380300
373143
375472
375472
379072
377298
377252
382877
395559
394337
397090
393989
393616
394713
403718
393635
400181
395986
392933
399212
396639
408124
390545
394009
396236
402741
399886
403188
403689
396456
400571
401280
401222
401816
395749
402336
399454
399093
404891
399565
399961
406266
402098
397719
399824
405876
401699
403100
404163
403454
406657
401716
407901
404029
405451
416302
407041
408213
407603
416365
419709
406175
414436
410217
410320
416370
409536
409685
420473
421833
425120
425484
424945
430943
429256
454174
426379
436348
428531
461247
452311
432564
432564
434750
443690
448182
439019
434369
429248
441712
426094
428388
432218
431066
445030
429672
434192
435200
443444
433292
440372
436717
437996
442093
438041
445510
434523
441970
461935
446692
473702
445146
451720
460214
455963
450760
446696
450545
444055
448996
447584
453908
452262
446375
448821
455839
454701
450671
457942
448301
463213
451144
451379
450258
460420
453072
453940
458141
455517
456883
452799
456928
453686
460045
457267
454862
459875
457373
465763
461794
457924
455650
458191
458191
457127
467177
464068
462665
459386
468211
464068
465298
465921
466570
471859
467287
465097
468444
468059
468308
477830
466120
470670
469096
472806
473594
477708
474445
471857
478684
477268
474184
474636
479926
478875
478604
476340
487467
478975
479324
479829
474932
484317
487561
481601
483764
494791
485260
487447
482085
489011
483661
485893
490169
499280
489441
482794
490181
501651
490359
501274
499648
491650
494239
500944
496950
495556
499707
495908
493013
502101
502101
496567
506347
496165
510870
500425
498404
501723
511921
503719
499868
503182
506852
504375
506011
498791
509273
