Тестирование QuickSort на реверсированном массиве (микросекунды):
1491
1917
2223
2550
2841
3255
3601
3994
4085
4384
4799
5038
5274
5736
5893
6335
6699
7186
7231
7696
7920
8538
9030
9275
9368
10279
10062
10559
10620
11253
11569
11485
12380
12109
12484
12729
13228
13353
13718
14224
14806
15169
15180
15921
15495
15845
16267
17114
16534
16903
17123
17493
17816
18444
20038
20095
19976
19805
20008
20587
20444
20686
20734
21540
21650
22238
22486
22720
23440
23597
23495
23972
25208
24856
27084
25653
25366
25879
26234
26402
27164
27300
27785
27933
27981
28217
28812
28972
28919
29412
29734
30164
33343
30584
31372
32070
32165
32157
32754
32587
32869
33250
33439
34093
34061
34046
34756
35622
35681
36881
36458
38078
36943
36975
37573
37954
37701
38019
39046
38574
39618
39186
40191
41073
40819
40542
40631
41239
41166
41574
44424
43094
42527
43091
43548
43275
43897
43977
44986
45594
44788
45767
45833
45985
46630
46328
46536
47620
47659
47631
47869
48148
48809
51482
49434
49122
49886
49919
50012
51100
50660
50951
51434
51869
53211
52634
55667
54222
54207
53963
54427
54786
54524
55088
56938
55587
56364
56231
56858
57901
57295
57656
57838
58219
59153
59475
59234
59485
59713
59891
60578
61271
62815
61033
61457
62054
62158
62824
62842
63024
63995
65905
65010
64277
64262
67191
65945
66807
66021
66112
66791
67683
66613
68651
68169
67941
68704
68636
69109
69901
69644
69982
70114
71508
70657
70874
72221
72275
72162
72749
73343
75952
73365
73718
74535
74306
74930
74963
74923
74993
75422
76416
76120
76968
77422
77482
77762
78360
80091
78776
80311
78946
79172
79767
80847
80448
81067
85314
80935
81434
81947
83728
83559
83091
83774
83693
83971
84571
85110
86433
87201
87590
86102
86967
87540
87415
89850
88011
89210
88140
88861
90964
88943
89077
90578
90064
90907
91742
91405
92447
92706
92986
93288
94597
94258
94981
93654
94139
94687
95429
94888
95608
96062
98585
97077
99240
107602
100081
101163
99386
100917
99248
99602
99081
100602
101482
101653
101684
102639
101971
103322
103742
103738
103776
103541
105043
105462
105455
105920
106119
106995
106539
106444
107749
107834
107726
108292
107954
109399
109208
109710
109899
111689
110371
111686
109573
111121
112679
112180
112230
113984
112436
113394
114627
114297
113667
115890
114935
114935
115450
118424
116173
117271
117010
118544
116615
119507
118279
118170
118139
119201
118769
119912
120565
121586
121797
122404
125073
122505
122391
122225
124320
124573
124990
124071
124893
125720
125912
125947
126517
127346
126985
127711
130362
131564
127268
127192
128481
128652
128783
129045
130263
130005
131357
130649
132579
131117
130534
132134
137817
133570
133710
133339
133510
133231
134763
134764
135150
134238
135717
137397
138195
137598
137975
140946
138093
139406
141500
139161
139757
140732
141519
140148
142565
142364
145604
143354
146392
146334
146412
146098
145968
148339
145768
147891
146295
148047
147138
145655
147743
149992
151367
147784
153921
150840
149640
150594
151395
150146
151017
152210
151699
151504
151902
151924
159705
151615
153586
155761
156137
156729
158800
157428
155960
160961
157905
160086
157578
166540
164689
165645
159480
159642
161712
161181
165429
159406
160996
162585
160768
166888
161763
163010
163926
165241
163803
166382
166495
166140
164891
166290
166031
167782
169516
173045
174703
170982
171096
174707
172164
172384
172176
173906
175296
176615
174496
182856
180034
176165
174530
176608
178438
179301
183414
187808
180812
179313
187418
185629
186202
190404
185224
180270
182566
180828
182117
186347
190426
191532
184310
184044
193312
182725
185406
187837
188106
186699
186825
195134
195557
190071
190615
191229
188388
193656
201204
189671
190117
192337
204918
203450
192380
193910
193987
191952
191952
194338
199189
196807
195689
195641
194489
197053
207005
203391
210885
243982
226410
211536
206876
209135
204985
204646
202179
201800
200755
200419
205697
215409
197363
204189
206163
206698
213321
204699
204634
207293
205867
211833
205633
210451
206258
207452
211457
216627
208651
209951
210580
215414
210468
211024
216267
211320
213407
209936
216131
210352
212332
217893
216141
214845
214593
213174
217852
216075
217989
216415
225157
219105
224858
219339
219664
219937
218563
220981
217354
218632
221154
223801
225299
216420
219511
219643
223392
222453
226101
224344
230137
227170
225562
222507
224415
225968
225420
225321
228158
232561
230523
230533
226912
226418
237685
241184
237251
234477
238749
241563
245639
240994
232712
235678
237202
234595
240593
234099
241134
243199
243478
241729
234425
246764
243228
243073
238523
239911
242958
238060
238419
238689
243948
244258
243561
257518
250539
254263
252308
250620
245277
240071
245920
243635
253317
250885
252606
245459
248098
246985
246364
243691
245140
249467
246685
246334
246698
247703
251485
249692
249692
249275
247624
247531
252099
252480
257602
251500
252025
251094
251097
251254
254696
254329
255142
251766
254635
253839
254509
255020
254743
257257
258387
256512
255146
255667
257180
257607
259986
259315
258396
257194
259847
268243
256733
257915
259477
258255
262770
268429
259684
261893
260206
259878
261775
263162
264000
263690
262840
265314
265233
262323
263038
265988
265679
266329
266585
266909
265850
271767
269987
271972
269059
268687
268338
268519
271297
268097
267544
270720
269198
271947
271895
273001
273036
273774
273595
275747
275764
272579
272954
272788
273634
273607
276454
281188
274278
278539
281887
278392
281102
280385
278069
280387
279523
280295
280013
278024
282765
286477
278239
281442
277851
283331
281465
281237
286827
282777
283292
285423
284739
283103
286215
294899
285478
285153
286714
285340
288597
288597
296583
293362
296571
312157
305558
304937
296202
305105
298855
299548
303981
303031
302710
300665
303456
304354
300368
302641
303518
299747
301445
299637
299449
307133
310509
303873
312928
308773
305375
309860
311650
301697
303326
304038
304408
302900
302794
306677
302829
302662
305393
307101
306696
305306
301831
304761
305232
303433
308493
305111
307993
305929
311251
309241
310582
307591
309470
308970
311494
307763
308577
312300
311031
311133
308055
312194
313609
312128
317000
311830
310024
314155
312718
312420
317115
311776
314665
314437
317436
315753
315862
316181
313798
313941
317686
319375
321767
321291
320449
318541
321675
320354
320523
321306
322135
324922
321278
324516
322344
321551
321016
324102
322592
322592
325779
322404
325710
324581
326438
327640
326030
325726
325220
330650
328170
328711
330902
328936
335702
331809
331598
330521
328574
331277
335296
333434
331081
334765
332495
331961
338261
332573
335834
335739
336031
335721
341562
337052
335955
338750
334763
337267
336071
350968
334853
350272
337713
336872
346562
351256
341133
359984
342058
341680
346603
342416
344058
342333
344602
