Тестирование QuickSort на почти отсортированном массиве (микросекунды):
19
24
30
35
37
41
45
52
57
62
65
71
74
78
82
85
90
96
102
111
119
117
124
141
141
140
144
153
162
159
163
167
175
173
195
192
205
216
232
275
260
267
277
274
299
289
294
330
331
314
324
330
314
351
337
329
336
329
321
364
345
337
336
354
382
387
351
357
364
385
373
391
394
383
389
389
393
400
418
416
483
473
430
463
444
488
498
601
672
574
606
604
581
569
589
607
651
593
547
561
581
606
626
594
677
610
611
640
604
600
605
658
740
839
785
796
802
782
776
717
721
718
801
746
781
792
821
728
746
736
747
802
781
746
823
757
829
859
839
768
778
795
784
804
827
881
877
918
955
893
879
844
914
823
914
1011
884
918
864
860
878
906
1033
1444
1159
1102
1117
1133
1091
1022
1033
1024
999
1099
994
1055
1009
995
992
1010
1207
1056
1277
1202
1059
1135
1204
1151
1180
1167
1174
1225
1166
1217
1210
1223
1199
1242
1186
1167
1155
1157
1141
1213
1131
1249
1385
1488
1267
1305
1281
1293
1280
1280
1382
1304
1293
1399
1334
1471
1515
1505
1330
1251
1321
1358
1364
1418
1330
1367
1478
1359
1499
1582
1346
1443
1574
1400
1528
1437
1485
1452
1563
1669
1428
1406
1410
1562
1484
1528
1501
1516
1443
1553
1489
1520
1646
1604
1519
1663
1738
1711
1731
1808
1555
1596
1611
1580
1625
1618
2009
2272
2215
1963
1896
1615
1575
1832
1666
1632
1758
1779
1658
1762
1651
1886
2042
1774
1833
1742
1799
1784
1772
1798
1885
1835
1775
1824
1865
1828
1790
1887
1712
1715
1702
1751
2037
1766
2077
1857
1753
1812
1893
1758
1929
2061
1843
1809
2253
1995
1996
1816
1900
1887
2081
1896
2077
1963
1940
2006
2020
1963
1904
1987
2601
2825
2174
2060
1942
2016
1978
1993
2089
2154
2354
2370
2085
1982
1948
2154
2042
1900
2050
2010
2550
2486
2225
2134
2154
2149
2232
2541
2464
2275
2214
2193
2236
2191
2300
2455
2299
2244
2183
2081
2242
2372
2511
2423
2654
2517
2502
2445
2492
2639
2294
2297
2250
2470
2360
2347
2473
2585
2358
2448
2669
2509
2307
2427
2584
2451
2378
2519
2564
2646
2897
2684
2389
2349
2273
2890
2605
2407
2740
2623
2398
2569
2526
2736
2709
2641
2676
2653
2615
2631
2565
3018
2770
2621
2808
2619
2684
2713
2949
3114
3350
3306
2888
2795
2845
3181
2783
3223
2912
3182
3108
3293
3124
2861
3058
2822
2831
2907
3255
2843
2826
2800
2924
2806
2977
3180
2991
3151
3079
3098
3187
3120
3196
2966
2993
3375
2982
3100
2951
3080
2953
2816
3138
3144
3108
3154
3244
2908
3106
2984
3119
4175
3046
3022
2882
3217
3515
3301
4010
3610
3199
2913
2944
3046
3036
3070
3268
3215
3386
3091
3243
3192
3152
3098
3155
3336
3443
3155
3230
3167
3311
3291
3324
3458
3359
3318
3210
3461
3546
3430
3458
3506
3256
3286
3175
3784
3326
3449
3576
3402
3729
3577
3411
3348
3172
3667
3738
4630
3718
3427
3377
3219
3485
3873
4264
3876
3454
3802
3598
3742
3930
3420
3898
3950
3579
3361
3301
3400
3433
3493
3758
3642
3579
3458
3654
3618
3452
3419
3353
3281
3877
3886
3619
3394
3330
3708
4027
3697
3923
3632
4175
3819
3652
3745
3550
3472
4031
3642
3642
3915
3526
3475
4075
3829
3592
3544
3457
3819
3759
3960
3591
3670
3463
3789
3759
3683
3582
3648
3644
4048
3679
3616
3654
4292
3908
3844
3597
4300
3773
3656
3570
3594
3586
3754
3896
3750
3581
3992
3596
3934
3971
3656
3679
4241
3939
3859
3760
3697
4896
3819
3993
3763
3640
4095
3913
3925
3788
3985
4063
4105
3862
3802
3786
3814
3971
4177
3968
3905
4145
4032
4182
3875
4334
4349
4384
4000
3969
4278
4306
4223
4067
4179
4972
4202
4323
4087
4179
4277
4386
4478
4333
4734
4516
4503
4369
4614
4556
4635
4491
4899
3984
4246
4134
4443
3990
4327
4245
4558
4661
4191
4210
4495
4269
4140
4097
4135
4195
4748
4434
4413
4100
4519
4555
4328
4214
4678
4233
4621
4563
4279
4560
4692
4374
4939
5235
5076
4591
4787
4599
4635
4546
4383
4723
4514
4446
4549
4933
4803
4720
4221
5143
4394
4563
4342
4799
4679
5010
4395
5196
4612
4822
4992
4966
4747
4802
4736
5313
4850
5283
4904
5320
5412
5165
5144
5283
4884
4890
4877
5119
5645
4969
5435
5235
4990
5149
6308
5250
5354
5516
5210
5838
5660
5095
6318
5241
5423
6434
5256
5620
6049
5920
5682
6149
5719
6265
6012
5943
5806
5841
5260
5015
5993
5218
5159
5645
5939
5669
6152
5814
5688
5283
6158
5238
5140
6033
5247
5460
5347
5123
5108
5007
5023
4979
5330
4888
5498
5732
5484
5582
5182
5152
5538
5369
5713
6088
5451
5489
5938
5973
6030
6382
6197
5630
5920
5772
5538
5618
5730
5590
5414
6181
6222
5384
5515
5942
5731
5574
5728
6206
6007
5538
6173
6364
5975
6136
6716
6001
6105
6437
6212
6119
6435
5983
5861
6664
5880
5815
6153
5957
6335
6039
5742
5947
5706
5944
6032
5728
5866
5736
6280
5606
6373
6061
5739
5591
6172
5776
5701
6343
5678
5958
6434
5695
5510
5996
5778
6010
6058
5702
6219
5722
5886
5462
6293
6067
5989
6721
6082
6084
6139
6541
5936
6162
6181
6179
6230
6158
6203
6142
6113
6123
6279
6078
6471
6024
6037
6225
6469
6379
6632
6091
5979
6256
5888
6181
6643
6124
6338
6350
6037
6214
7092
6092
6745
7095
6776
7419
7198
7486
6324
6526
7756
6709
6846
7035
7585
6850
7494
6200
6340
6645
6776
6495
6565
6641
6602
6640
7320
7019
6793
6546
7363
6682
6139
6546
6981
6658
6660
6986
6707
6686
7257
