0.9801
0.99825
0.9702
0.92565
0.855643
0.8712
1.02225
0.989175
1.00666
0.928017
0.933124
0.888702
0.935469
0.96525
1.00617
0.978667
0.896744
0.895259
0.917871
0.959681
0.958536
0.983182
0.940857
0.959447
0.9441
0.951579
0.981763
0.86079
0.93376
1.00173
0.926732
0.950083
0.97063
0.960419
0.939342
0.954731
0.9801
0.963121
0.947031
0.960098
0.941091
0.944152
0.940359
0.963967
0.948563
0.929505
0.956529
0.928419
0.922261
0.982756
0.939317
0.946494
0.933786
0.953898
0.939112
0.936698
0.929719
0.964488
0.937438
0.917556
0.926193
0.953765
0.968195
0.938056
0.969922
0.943689
0.935356
0.945745
0.936029
0.952403
0.936974
0.954404
0.922181
0.947668
0.944876
0.934918
0.952661
0.920572
0.958654
0.93775
0.95756
0.969103
0.957578
0.954184
0.940006
0.943033
0.944474
0.944133
0.933182
0.929801
0.938568
0.952397
0.953643
0.949954
0.934783
0.959052
0.937536
0.940887
0.963244
0.954631
0.9438
0.934043
0.933855
0.925439
0.961079
0.939521
0.942569
0.95511
0.940445
0.960554
0.922389
0.968348
0.925747
0.928728
0.942719
0.936616
0.94355
0.944048
0.948775
0.938258
0.965242
0.935534
0.948196
0.949516
0.943449
0.921475
0.951106
0.920171
0.936778
0.960039
0.939953
0.939429
0.949292
0.953284
0.945531
0.941921
0.953395
0.939143
0.940701
0.937072
0.937534
0.966218
0.943494
0.935232
0.93071
0.9468
0.939132
0.969743
0.948356
0.936452
0.951969
0.944664
0.950621
0.929489
0.925297
0.940947
0.956396
0.950035
0.932327
0.954927
0.936322
0.930244
0.953513
0.930588
0.967234
0.942262
0.942752
0.932424
0.950965
0.944315
0.949644
0.941807
0.926725
0.937974
0.943967
0.940195
0.947343
0.957484
0.931578
0.948013
0.937072
0.95005
0.941489
0.936469
0.952668
0.943408
0.932961
0.943567
0.949201
0.940615
0.930975
0.953331
0.943384
0.952931
0.951277
0.929667
0.942024
0.945309
0.933507
0.939317
